------------------------------------------------------------
 Current - Vd = 0.05 V
------------------------------------------------------------
Voltage (V), Current (A)
                -0.3,       1.48844438e-08
        -0.261616162,       2.49599442e-08
        -0.223232323,       4.42776834e-08
        -0.184848485,       8.30285531e-08
        -0.146464646,       1.63519411e-07
        -0.108080808,       3.34669193e-07
       -0.0696969697,         7.023782e-07
       -0.0313131313,       1.48716642e-06
       0.00707070707,       3.11802942e-06
        0.0454545455,       6.33420693e-06
        0.0838383838,       1.21751248e-05
         0.122222222,       2.16757939e-05
         0.160606061,       3.52923958e-05
         0.198989899,       5.24886509e-05
         0.237373737,       7.18950384e-05
         0.275757576,       9.19194045e-05
         0.314141414,       0.000111312675
         0.352525253,       0.000129364941
         0.390909091,       0.000145806844
         0.429292929,       0.000160631698
         0.467676768,       0.000173957095
         0.506060606,        0.00018594436
         0.544444444,       0.000196758937
         0.582828283,       0.000206553566
         0.621212121,       0.000215462746
          0.65959596,       0.000223602261
         0.697979798,       0.000231070746
         0.736363636,       0.000237951922
         0.774747475,        0.00024431684
         0.813131313,       0.000250225926
         0.851515152,       0.000255730736
          0.88989899,       0.000260875421
         0.928282828,       0.000265697951
         0.966666667,       0.000270231143
          1.00505051,       0.000274503468
          1.04343434,        0.00027853973
          1.08181818,       0.000282361631
          1.12020202,       0.000285988235
          1.15858586,       0.000289436347
           1.1969697,       0.000292720864
          1.23535354,       0.000295855011
          1.27373737,       0.000298850572
          1.31212121,       0.000301718088
          1.35050505,       0.000304467025
          1.38888889,       0.000307105894
          1.42727273,       0.000309642375
          1.46565657,       0.000312083418
           1.5040404,       0.000314435328
          1.54242424,       0.000316703837
          1.58080808,       0.000318894173
          1.61919192,       0.000321011111
          1.65757576,       0.000323059025
           1.6959596,       0.000325041927
          1.73434343,       0.000326963502
          1.77272727,       0.000328827147
          1.81111111,       0.000330636004
          1.84949495,       0.000332392973
          1.88787879,       0.000334100739
          1.92626263,       0.000335761793
          1.96464646,       0.000337378451
           2.0030303,        0.00033895286
          2.04141414,        0.00034048703
          2.07979798,       0.000341982836
          2.11818182,       0.000343442026
          2.15656566,       0.000344866241
          2.19494949,       0.000346257012
          2.23333333,        0.00034761578
          2.27171717,       0.000348943894
          2.31010101,       0.000350242625
          2.34848485,       0.000351513162
          2.38686869,       0.000352756639
          2.42525253,       0.000353974118
          2.46363636,       0.000355166602
           2.5020202,        0.00035633504
          2.54040404,       0.000357480328
          2.57878788,       0.000358603315
          2.61717172,       0.000359704805
          2.65555556,       0.000360785562
          2.69393939,       0.000361846309
          2.73232323,        0.00036288773
          2.77070707,       0.000363910484
          2.80909091,       0.000364915195
          2.84747475,       0.000365902453
          2.88585859,       0.000366872825
          2.92424242,       0.000367826848
          2.96262626,       0.000368765037
           3.0010101,       0.000369687882
          3.03939394,       0.000370595851
          3.07777778,       0.000371489393
          3.11616162,       0.000372368937
          3.15454545,       0.000373234892
          3.19292929,       0.000374087652
          3.23131313,       0.000374927593
          3.26969697,       0.000375755073
          3.30808081,       0.000376570438
          3.34646465,       0.000377374023
          3.38484848,       0.000378166148
          3.42323232,       0.000378947121
          3.46161616,       0.000379717235
                 3.5,       0.000380476775

------------------------------------------------------------
 Current - Vd = 1.0 V
------------------------------------------------------------
Voltage (V), Current (A)
                -0.3,       6.16426282e-06
        -0.261616162,       8.33784933e-06
        -0.223232323,        1.1362824e-05
        -0.184848485,       1.56012363e-05
        -0.146464646,       2.15234108e-05
        -0.108080808,       2.96489707e-05
       -0.0696969697,       4.07002635e-05
       -0.0313131313,       5.53327043e-05
       0.00707070707,       7.39762714e-05
        0.0454545455,       9.67748048e-05
        0.0838383838,        0.00012358608
         0.122222222,       0.000154050681
         0.160606061,       0.000187691636
         0.198989899,       0.000224003002
         0.237373737,        0.00026250606
         0.275757576,       0.000302775682
         0.314141414,       0.000344445617
         0.352525253,       0.000387203319
         0.390909091,       0.000430781317
         0.429292929,       0.000474947123
         0.467676768,       0.000519494328
         0.506060606,       0.000564234641
         0.544444444,        0.00060899086
         0.582828283,       0.000653591697
         0.621212121,       0.000697869623
          0.65959596,       0.000741664566
         0.697979798,       0.000784837299
         0.736363636,       0.000827292254
         0.774747475,       0.000868997191
         0.813131313,       0.000909978574
         0.851515152,       0.000950292651
          0.88989899,       0.000989998077
         0.928282828,        0.00102914496
         0.966666667,         0.0010677743
          1.00505051,        0.00110591967
          1.04343434,        0.00114360897
          1.08181818,        0.00118086557
          1.12020202,        0.00121770921
          1.15858586,        0.00125415653
           1.1969697,         0.0012902216
          1.23535354,        0.00132591616
          1.27373737,        0.00136124998
          1.31212121,        0.00139623089
          1.35050505,        0.00143086499
          1.38888889,        0.00146515654
          1.42727273,         0.0014991079
          1.46565657,        0.00153271928
           1.5040404,        0.00156598843
          1.54242424,         0.0015989099
          1.58080808,        0.00163147422
          1.61919192,        0.00166366647
          1.65757576,        0.00169546439
           1.6959596,        0.00172683596
          1.73434343,        0.00175773675
          1.77272727,        0.00178810788
          1.81111111,        0.00181787597
          1.84949495,        0.00184695582
          1.88787879,        0.00187525622
          1.92626263,        0.00190268887
          1.96464646,        0.00192917957
           2.0030303,         0.0019546781
          2.04141414,         0.0019791632
          2.07979798,        0.00200264119
          2.11818182,        0.00202514046
          2.15656566,        0.00204670443
          2.19494949,        0.00206738523
          2.23333333,        0.00208723869
          2.27171717,        0.00210632099
          2.31010101,        0.00212468651
          2.34848485,        0.00214238655
          2.38686869,        0.00215946881
          2.42525253,        0.00217597716
          2.46363636,        0.00219195174
           2.5020202,        0.00220742907
          2.54040404,        0.00222244238
          2.57878788,        0.00223702186
          2.61717172,        0.00225119494
          2.65555556,         0.0022649866
          2.69393939,         0.0022784196
          2.73232323,        0.00229151472
          2.77070707,        0.00230429095
          2.80909091,         0.0023167657
          2.84747475,        0.00232895496
          2.88585859,        0.00234087344
          2.92424242,         0.0023525347
          2.96262626,        0.00236395126
           3.0010101,        0.00237513474
          3.03939394,        0.00238609586
          3.07777778,        0.00239684464
          3.11616162,        0.00240739036
          3.15454545,        0.00241774168
          3.19292929,        0.00242790656
          3.23131313,        0.00243789274
          3.26969697,        0.00244770731
          3.30808081,        0.00245735693
          3.34646465,        0.00246684783
          3.38484848,        0.00247618588
          3.42323232,        0.00248537662
          3.46161616,        0.00249442531
                 3.5,         0.0025033369

