------------------------------------------------------------
 Vds=90 mV
------------------------------------------------------------
Vgs (V), Ids (uA/um)
                0.09,   0.0962190713938978
                0.18,    0.763363674636031
                0.27,     5.18290481410013
                0.36,     27.0409911519655
                0.45,     93.1152073533619
                0.54,     194.205419557276
                0.63,     280.493500338664
                0.72,     338.060045003431
                0.81,      375.91614301858
                 0.9,     401.964190110557

------------------------------------------------------------
 Vds=900 mV
------------------------------------------------------------
Vgs (V), Ids (uA/um)
                0.09,       14.35268815193
                0.18,     65.3936498244858
                0.27,     187.557811539736
                0.36,     362.956473533434
                0.45,       555.5772996485
                0.54,     748.345547956303
                0.63,     937.079500799539
                0.72,     1121.56262058756
                0.81,     1302.25943502612
                 0.9,     1479.55795654941

