------------------------------------------------------------
 Vds=100 mV
------------------------------------------------------------
Vgs (V), Ids (uA/um)
                 0.1,   0.0463225890167104
                 0.2,      0.5299167971657
                 0.3,     4.92239163377089
                 0.4,     31.8308898879009
                 0.5,     108.290798622811
                 0.6,     197.295841669469
                 0.7,     263.709768745021
                 0.8,     309.885166518051
                 0.9,     342.806486078872
                   1,     367.050157564272

------------------------------------------------------------
 Vds=1000 mV
------------------------------------------------------------
Vgs (V), Ids (uA/um)
                 0.1,    0.902672187436203
                 0.2,     8.05324162991857
                 0.3,     49.1118367479438
                 0.4,     165.308473586844
                 0.5,     338.380951934948
                 0.6,     529.973638612976
                 0.7,     724.588714324778
                 0.8,     918.452857437504
                 0.9,     1110.72688768658
                   1,     1301.14169275818

